camera_matrix:
- - 2191.9094539411226
  - 0.0
  - 1315.0289773049572
- - 0.0
  - 2194.3218228874384
  - 975.2698408515876
- - 0.0
  - 0.0
  - 1.0
dist_coeffs:
- - -0.10684869677823847
  - 1.3937445652079539
  - 0.0067070344951221245
  - 0.0031306081735180636
  - -5.9704110385371365
rvecs:
- - - -0.10291990694216585
  - - -0.043389688601348515
  - - 0.1581745583607099
- - - -0.08423361523243234
  - - -0.03019380199540951
  - - 0.00024930813313984914
- - - -0.1562154066818387
  - - 0.027719807952130523
  - - -0.014256400889848943
- - - -0.1303956403832372
  - - -0.028887006006117728
  - - 0.12258892508562094
- - - -0.15829326913951758
  - - -0.02793716499980588
  - - -0.022810377817284854
- - - -0.1740316114180639
  - - 0.031047734509188175
  - - -0.17697385323701137
- - - -0.13120481261186
  - - -0.04727905328594615
  - - 0.026266980843930098
- - - -0.08046845504529171
  - - -0.009324028532019803
  - - 0.09615456432993555
- - - -0.11966887395752338
  - - 0.0919611457693844
  - - -0.010961702694808508
tvecs:
- - - -4.679055864876869
  - - -4.412044166485276
  - - 18.980133186860996
- - - -5.248396936854446
  - - -3.5461223906012957
  - - 18.84129736049291
- - - -4.539199132525206
  - - -2.745703992793001
  - - 25.936748893112025
- - - -3.728585807114006
  - - -2.289707325025664
  - - 23.615510286495333
- - - -4.974337094003631
  - - -1.2778518028412043
  - - 15.178812070824037
- - - -4.527262243751092
  - - -1.4052593634895614
  - - 19.436544631436846
- - - -4.6552793740515535
  - - -3.205869516768671
  - - 19.032322403582285
- - - -4.208156322220913
  - - -3.4262913268956114
  - - 13.569930478058222
- - - -3.8865952394138272
  - - -2.7352978255823253
  - - 14.987428913664306
