camera_matrix:
- - 660.755458785238
  - 0.0
  - 656.4765585586478
- - 0.0
  - 653.4269533437996
  - 375.70416761838226
- - 0.0
  - 0.0
  - 1.0
dist_coeff:
- - 0.08513224886348274
  - -0.1574924288297701
  - 0.0002998917692585226
  - 0.00021374298705979095
  - 0.0808558291699964
rms: 0.9656728718830259
